 -5.100000E+00    2.928924E-06    2.928924E-07
 -5.000000E+00   -5.711911E-07    2.357733E-07
 -4.900000E+00   -5.384326E-06   -3.026593E-07
 -4.800000E+00   -1.198886E-05   -1.501545E-06
 -4.700000E+00   -2.104335E-05   -3.605880E-06
 -4.600000E+00   -3.344957E-05   -6.950838E-06
 -4.500000E+00   -5.043216E-05   -1.199405E-05
 -4.400000E+00   -7.363694E-05   -1.935775E-05
 -4.300000E+00   -1.052477E-04   -2.988252E-05
 -4.200000E+00   -1.481207E-04   -4.469459E-05
 -4.100000E+00   -2.059326E-04   -6.528786E-05
 -4.000000E+00   -2.833323E-04   -9.362108E-05
 -3.900000E+00   -3.860856E-04   -1.322296E-04
 -3.800000E+00   -5.211944E-04   -1.843491E-04
 -3.700000E+00   -6.969603E-04   -2.540451E-04
 -3.600000E+00   -9.229768E-04   -3.463428E-04
 -3.500000E+00   -1.209993E-03   -4.673421E-04
 -3.400000E+00   -1.569629E-03   -6.243050E-04
 -3.300000E+00   -2.013916E-03   -8.256966E-04
 -3.200000E+00   -2.554613E-03   -1.081158E-03
 -3.100000E+00   -3.202322E-03   -1.401390E-03
 -3.000000E+00   -3.965497E-03   -1.797940E-03
 -2.900000E+00   -4.849280E-03   -2.282868E-03
 -2.800000E+00   -5.854616E-03   -2.868329E-03
 -2.700000E+00   -6.977556E-03   -3.566085E-03
 -2.600000E+00   -8.209440E-03   -4.387029E-03
 -2.500000E+00   -9.538033E-03   -5.340832E-03
 -2.400000E+00   -1.094997E-02   -6.435829E-03
 -2.300000E+00   -1.243455E-02   -7.679285E-03
 -2.200000E+00   -1.398888E-02   -9.078172E-03
 -2.100000E+00   -1.562217E-02   -1.064039E-02
 -2.000000E+00   -1.735851E-02   -1.237624E-02
 -1.900000E+00   -1.923545E-02   -1.429979E-02
 -1.800000E+00   -2.129245E-02   -1.642903E-02
 -1.700000E+00   -2.355251E-02   -1.878428E-02
 -1.600000E+00   -2.598964E-02   -2.138325E-02
 -1.500000E+00   -2.849641E-02   -2.423289E-02
 -1.400000E+00   -3.085833E-02   -2.731872E-02
 -1.300000E+00   -3.275605E-02   -3.059432E-02
 -1.200000E+00   -3.380271E-02   -3.397460E-02
 -1.100000E+00   -3.359536E-02   -3.733413E-02
 -1.000000E+00   -3.172679E-02   -4.050681E-02
 -9.000000E-01   -2.772809E-02   -4.327962E-02
 -8.000000E-01   -2.105855E-02   -4.538547E-02
 -7.000000E-01   -1.134492E-02   -4.651997E-02
 -6.000000E-01    7.336021E-04   -4.644661E-02
 -5.000000E-01    1.272448E-02   -4.517416E-02
 -4.000000E-01    2.122239E-02   -4.305192E-02
 -3.000000E-01    2.576215E-02   -4.047570E-02
 -2.000000E-01    3.030919E-02   -3.744479E-02
 -1.000000E-01    3.790986E-02   -3.365380E-02
  8.881784E-16    3.880147E-02   -2.977365E-02
  1.000000E-01    2.927246E-02   -2.684641E-02
  2.000000E-01    3.395460E-02   -2.345095E-02
  3.000000E-01    5.771648E-02   -1.767930E-02
  4.000000E-01    7.690526E-02   -9.988773E-03
  5.000000E-01    7.765221E-02   -2.223552E-03
  6.000000E-01    6.409023E-02    4.185471E-03
  7.000000E-01    4.691965E-02    8.877437E-03
  8.000000E-01    3.383215E-02    1.226065E-02
  9.000000E-01    2.766261E-02    1.502691E-02
  1.000000E+00    2.795676E-02    1.782259E-02
  1.100000E+00    3.315540E-02    2.113813E-02
  1.200000E+00    4.172542E-02    2.531067E-02
  1.300000E+00    5.241022E-02    3.055169E-02
  1.400000E+00    6.413267E-02    3.696496E-02
  1.500000E+00    7.592547E-02    4.455751E-02
  1.600000E+00    8.693218E-02    5.325073E-02
  1.700000E+00    9.645805E-02    6.289653E-02
  1.800000E+00    1.039835E-01    7.329488E-02
  1.900000E+00    1.091416E-01    8.420904E-02
  2.000000E+00    1.116679E-01    9.537583E-02
  2.100000E+00    1.113483E-01    1.065107E-01
  2.200000E+00    1.079837E-01    1.173090E-01
  2.300000E+00    1.013902E-01    1.274480E-01
  2.400000E+00    9.143458E-02    1.365915E-01
  2.500000E+00    7.811453E-02    1.444030E-01
  2.600000E+00    6.166849E-02    1.505698E-01
  2.700000E+00    4.272602E-02    1.548424E-01
  2.800000E+00    2.241541E-02    1.570839E-01
  2.900000E+00    2.444771E-03    1.573284E-01
  3.000000E+00   -1.494432E-02    1.558340E-01
  3.100000E+00   -2.717328E-02    1.531167E-01
  3.200000E+00   -3.191562E-02    1.499251E-01
  3.300000E+00   -2.835906E-02    1.470892E-01
  3.400000E+00   -1.904559E-02    1.451846E-01
  3.500000E+00   -1.115697E-02    1.440689E-01
  3.600000E+00   -1.444028E-02    1.426249E-01
  3.700000E+00   -2.958352E-03    1.423291E-01
  3.800000E+00    9.910121E-03    1.433201E-01
  3.900000E+00    1.847131E-02    1.451672E-01
  4.000000E+00    2.307158E-02    1.474744E-01
  4.100000E+00    2.421931E-02    1.498963E-01
  4.200000E+00    2.251405E-02    1.521477E-01
  4.300000E+00    1.847097E-02    1.539948E-01
  4.400000E+00    1.252360E-02    1.552472E-01
  4.500000E+00    5.052542E-03    1.557524E-01
  4.600000E+00   -3.626753E-03    1.553898E-01
  4.700000E+00   -1.326283E-02    1.540635E-01
  4.800000E+00   -2.365148E-02    1.516983E-01
  4.900000E+00   -3.457378E-02    1.482409E-01
  5.000000E+00   -4.572797E-02    1.436681E-01
  5.100000E+00   -5.660293E-02    1.380079E-01
  5.200000E+00   -6.637788E-02    1.313701E-01
  5.300000E+00   -7.392607E-02    1.239775E-01
  5.400000E+00   -7.798524E-02    1.161789E-01
  5.500000E+00   -7.737377E-02    1.084416E-01
  5.600000E+00   -7.182159E-02    1.012594E-01
  5.700000E+00   -6.426468E-02    9.483293E-02
  5.800000E+00   -6.149806E-02    8.868312E-02
  5.900000E+00   -6.082090E-02    8.260104E-02
  6.000000E+00   -5.303231E-02    7.729780E-02
  6.100000E+00   -4.555342E-02    7.274246E-02
  6.200000E+00   -4.161010E-02    6.858145E-02
  6.300000E+00   -4.092180E-02    6.448927E-02
  6.400000E+00   -4.210587E-02    6.027869E-02
  6.500000E+00   -4.389452E-02    5.588923E-02
  6.600000E+00   -4.538034E-02    5.135120E-02
  6.700000E+00   -4.603661E-02    4.674754E-02
  6.800000E+00   -4.566985E-02    4.218055E-02
  6.900000E+00   -4.430696E-02    3.774986E-02
  7.000000E+00   -4.211238E-02    3.353862E-02
  7.100000E+00   -3.931143E-02    2.960748E-02
  7.200000E+00   -3.614007E-02    2.599347E-02
  7.300000E+00   -3.281210E-02    2.271226E-02
  7.400000E+00   -2.949612E-02    1.976265E-02
  7.500000E+00   -2.630976E-02    1.713167E-02
  7.600000E+00   -2.332548E-02    1.479912E-02
  7.700000E+00   -2.057826E-02    1.274130E-02
  7.800000E+00   -1.807839E-02    1.093346E-02
  7.900000E+00   -1.582095E-02    9.351364E-03
  8.000000E+00   -1.379285E-02    7.972079E-03
  8.100000E+00   -1.197816E-02    6.774263E-03
  8.200000E+00   -1.036022E-02    5.738241E-03
  8.300000E+00   -8.923229E-03    4.845918E-03
  8.400000E+00   -7.652365E-03    4.080681E-03
  8.500000E+00   -6.533854E-03    3.427296E-03
  8.600000E+00   -5.554636E-03    2.871832E-03
  8.700000E+00   -4.702225E-03    2.401610E-03
  8.800000E+00   -3.964561E-03    2.005154E-03
  8.900000E+00   -3.329994E-03    1.672154E-03
  9.000000E+00   -2.787313E-03    1.393423E-03
  9.100000E+00   -2.325813E-03    1.160842E-03
  9.200000E+00   -1.935428E-03    9.672990E-04
  9.300000E+00   -1.606792E-03    8.066198E-04
  9.400000E+00   -1.331345E-03    6.734853E-04
  9.500000E+00   -1.101353E-03    5.633500E-04
  9.600000E+00   -9.099338E-04    4.723566E-04
  9.700000E+00   -7.510356E-04    3.972531E-04
  9.800000E+00   -6.194027E-04    3.353128E-04
  9.900000E+00   -5.105136E-04    2.842614E-04
  1.000000E+01   -4.205208E-04    2.422093E-04
  1.010000E+01   -3.461744E-04    2.075919E-04
  1.020000E+01   -2.847527E-04    1.791166E-04
  1.030000E+01   -2.339889E-04    1.557177E-04
  1.040000E+01   -1.920074E-04    1.365170E-04
  1.050000E+01   -1.572616E-04    1.207909E-04
  1.060000E+01   -1.284817E-04    1.079427E-04
  1.070000E+01   -1.046273E-04    9.747995E-05
  1.080000E+01   -8.484630E-05    8.899532E-05
